
                GDP       y_hat1     lim_inf1     lim_sup1       error1

2020:1     21706.51     22150.94     21917.48     22386.24     -444.429
2020:2     19913.14     22394.69     21998.49     22796.15    -2481.546
2020:3     21647.64     22646.40     22082.10     23221.30     -998.760
2020:4     22024.50     22901.32     22177.96     23641.99     -876.821
2021:1     22600.19     23160.35     22285.81     24060.03     -560.170
2021:2     23292.36     23422.85     22405.29     24474.19     -130.486
2021:3     23828.97     23688.76     22535.38     24885.24      140.209
2021:4     24654.60     23957.97     22675.03     25293.83      696.633
2022:1     25029.12     24230.42     22823.24     25700.77      798.692
2022:2     25544.27     24506.10     22979.14     26106.84     1038.173
2022:3     25994.64     24785.00     23141.98     26512.74     1209.643
2022:4     26408.40     25067.12     23311.13     26919.08     1341.285
2023:1     26813.60     25352.49     23486.07     27326.42     1461.109
2023:2     27063.01     25641.14     23666.35     27735.24     1421.875
2023:3     27623.54     25933.09     23851.63     28145.94     1690.458


   SumaErrores1 =  4305.8630

         Ratio1 =  0.011824599

          MAPE1 =  4.2244874
