
                GDP       y_hat2     lim_inf2     lim_sup2       error2

2020:1     21706.51     22147.59     21902.43     22394.77     -441.077
2020:2     19913.14     22395.35     21972.29     22824.40    -2482.205
2020:3     21647.64     22645.80     22030.87     23273.34     -998.160
2020:4     22024.50     22899.09     22074.36     23746.38     -874.584
2021:1     22600.19     23155.35     22102.43     24244.92     -555.165
2021:2     23292.36     23414.74     22115.45     24769.66     -122.382
2021:3     23828.97     23677.42     22114.01     25321.12      151.550
2021:4     24654.60     23943.55     22098.73     25899.88      711.054
2022:1     25029.12     24213.29     22070.20     26506.54      815.826
2022:2     25544.27     24486.82     22029.00     27141.81     1057.453
2022:3     25994.64     24764.32     21975.66     27806.45     1230.319
2022:4     26408.40     25045.97     21910.71     28501.31     1362.430
2023:1     26813.60     25331.98     21834.62     29227.33     1481.622
2023:2     27063.01     25622.53     21747.87     29985.51     1440.479
2023:3     27623.54     25917.84     21650.90     30776.94     1705.698


        SumaGDP =  364144.51

         Ratio2 =  0.012310660

          MAPE2 =  4.2596904
