
Autocorrelation function for residuosModelo0
***, **, * indicate significance at the 1%, 5%, 10% levels
using standard error 1/T^0.5

  LAG      ACF          PACF         Q-stat. [p-value]

    1  -0.3411  ***  -0.3411 ***     15.5957  [0.000]
    2   0.1050       -0.0128         17.0860  [0.000]
    3  -0.2021  **   -0.1927 **      22.6478  [0.000]
    4   0.0214       -0.1250         22.7104  [0.000]
    5   0.0557        0.0331         23.1387  [0.000]
    6   0.0308        0.0347         23.2709  [0.001]
    7  -0.0556       -0.0602         23.7050  [0.001]
    8  -0.0008       -0.0202         23.7050  [0.003]
    9   0.1764  **    0.2256 ***     28.1473  [0.001]
   10  -0.0764        0.0431         28.9869  [0.001]
   11   0.0644        0.0466         29.5887  [0.002]
   12  -0.3866  ***  -0.3387 ***     51.4728  [0.000]
   13   0.1516  *    -0.1092         54.8664  [0.000]
   14  -0.0576       -0.0768         55.3605  [0.000]
   15   0.1496  *    -0.0218         58.7204  [0.000]
   16  -0.1389       -0.1395         61.6452  [0.000]
   17   0.0705        0.0259         62.4045  [0.000]
   18   0.0156        0.1148         62.4421  [0.000]
   19  -0.0106       -0.0132         62.4596  [0.000]
   20  -0.1167       -0.1674 *       64.5984  [0.000]
   21   0.0386        0.1324         64.8338  [0.000]
   22  -0.0914       -0.0720         66.1681  [0.000]
   23   0.2233  **    0.1429         74.2099  [0.000]
   24  -0.0184       -0.0673         74.2652  [0.000]
   25  -0.1003       -0.1027         75.9183  [0.000]
   26   0.0486       -0.0101         76.3097  [0.000]
   27  -0.0302        0.0438         76.4629  [0.000]
   28   0.0471       -0.0900         76.8387  [0.000]
   29  -0.0180        0.0469         76.8943  [0.000]
   30  -0.0511       -0.0049         77.3442  [0.000]
   31  -0.0538       -0.0964         77.8478  [0.000]
   32   0.1957  **   -0.0153         84.5900  [0.000]
   33  -0.1224        0.0115         87.2543  [0.000]
   34   0.0777       -0.0192         88.3401  [0.000]
   35  -0.1525  *     0.0230         92.5584  [0.000]
   36  -0.0100       -0.1649 *       92.5767  [0.000]

