
Autocorrelation function for residuosModelo3
***, **, * indicate significance at the 1%, 5%, 10% levels
using standard error 1/T^0.5

  LAG      ACF          PACF         Q-stat. [p-value]

    1   0.0167        0.0167          0.0376  [0.846]
    2   0.0245        0.0242          0.1185  [0.942]
    3  -0.1276       -0.1285          2.3354  [0.506]
    4  -0.1142       -0.1122          4.1246  [0.389]
    5   0.0650        0.0765          4.7088  [0.452]
    6   0.0671        0.0578          5.3369  [0.501]
    7  -0.0580       -0.0967          5.8102  [0.562]
    8  -0.0266       -0.0260          5.9104  [0.657]
    9   0.1142        0.1619 *        7.7730  [0.557]
   10  -0.0637       -0.0807          8.3574  [0.594]
   11   0.0083       -0.0432          8.3673  [0.680]
   12  -0.0431        0.0050          8.6391  [0.733]

