
Autocorrelation function for residuosModelo1
***, **, * indicate significance at the 1%, 5%, 10% levels
using standard error 1/T^0.5

  LAG      ACF          PACF         Q-stat. [p-value]

    1  -0.3340  ***  -0.3340 ***     14.9506  [0.000]
    2   0.0622       -0.0555         15.4738  [0.000]
    3  -0.0927       -0.1009         16.6443  [0.001]
    4  -0.1026       -0.1869 **      18.0895  [0.001]
    5   0.0798       -0.0247         18.9703  [0.002]
    6   0.0668        0.0874         19.5929  [0.003]
    7  -0.0720       -0.0520         20.3216  [0.005]
    8  -0.0524       -0.1208         20.7102  [0.008]
    9   0.1372        0.1318         23.3986  [0.005]
   10  -0.1011       -0.0066         24.8709  [0.006]
   11   0.0427       -0.0509         25.1359  [0.009]
   12  -0.0154       -0.0026         25.1707  [0.014]
   13   0.0063        0.0596         25.1765  [0.022]
   14   0.0143        0.0016         25.2068  [0.033]
   15   0.0910        0.0853         26.4505  [0.034]
   16  -0.1889  **   -0.1159         31.8589  [0.010]
   17   0.0915        0.0086         33.1374  [0.011]
   18   0.0247        0.0667         33.2312  [0.016]
   19  -0.0697       -0.0584         33.9860  [0.018]
   20  -0.0569       -0.1836 **      34.4950  [0.023]
   21   0.0111       -0.0261         34.5145  [0.032]
   22  -0.0924       -0.0933         35.8782  [0.031]
   23   0.2183  **    0.0997         43.5690  [0.006]
   24  -0.0349        0.0195         43.7669  [0.008]
   25  -0.0556        0.0023         44.2750  [0.010]
   26   0.0784        0.0827         45.2958  [0.011]
   27  -0.0264        0.0805         45.4123  [0.015]
   28  -0.0395       -0.0618         45.6758  [0.019]
   29   0.0087       -0.0345         45.6886  [0.025]
   30  -0.0518       -0.0332         46.1520  [0.030]
   31  -0.0697       -0.0820         46.9978  [0.033]
   32   0.1866  **    0.0409         53.1233  [0.011]
   33  -0.1789  **   -0.1046         58.8136  [0.004]
   34   0.0715       -0.0033         59.7326  [0.004]
   35  -0.0582       -0.0541         60.3468  [0.005]
   36  -0.0314       -0.1187         60.5276  [0.006]

