
Autocorrelation function for residuosModelo2
***, **, * indicate significance at the 1%, 5%, 10% levels
using standard error 1/T^0.5

  LAG      ACF          PACF         Q-stat. [p-value]

    1  -0.0207       -0.0207          0.0573  [0.811]
    2  -0.0868       -0.0873          1.0759  [0.584]
    3  -0.1327       -0.1375          3.4719  [0.324]
    4  -0.1245       -0.1436          5.5966  [0.231]
    5   0.0954        0.0626          6.8562  [0.232]
    6   0.0860        0.0523          7.8880  [0.246]
    7  -0.0841       -0.1044          8.8817  [0.261]
    8  -0.0305       -0.0243          9.0135  [0.341]
    9   0.1244        0.1559 *       11.2226  [0.261]
   10  -0.0580       -0.0689         11.7065  [0.305]
   11   0.0001       -0.0306         11.7065  [0.386]
   12  -0.0362       -0.0030         11.8981  [0.454]

